#LANGOSTINO	COLORADO	V-VIII	REGIONES	ESTATUS	2017																																												
#n𤦤ero	de	a隳s																																															
57																																																	
#n𤦤ero	de	edades																																															
5																																																	
#edad	inicial																																																
1																																																	
#delta	edad																																																
1																																																	
#n𤦤ero	de	tallas																																															
43																																																	
#璯dices	de	abundancia	y	capturas																																													
#A隳	Crucero	cv	CPUE	cv	Desemb	cv	
1968	0	0.2	0	0.1	19023	0.1
1969	0	0.2	1269.1	0.1	26781	0.1
1970	0	0.2	1626	0.1	40398	0.1
1971	0	0.2	1538	0.1	37577	0.1
1972	0	0.2	1735	0.1	33142	0.1
1973	0	0.2	2129	0.1	25273	0.1
1974	0	0.2	2011	0.1	27218	0.1
1975	0	0.2	1811	0.1	35862	0.1
1976	0	0.2	1484	0.1	62662	0.1
1977	0	0.2	0	0.1	43370	0.1
1978	0	0.2	769	0.1	39523	0.1
1979	25776	0.2	0	0.1	28711	0.1
1980	26141	0.2	0	0.1	1514	0.1
1981	23310	0.2	0	0.1	0.1	0.1
1982	44432	0.2	0	0.1	293	0.1
1983	49983	0.2	1347	0.1	8689	0.1
1984	35940	0.2	1107	0.1	12092	0.1
1985	0	0.2	1736	0.1	0.1	0.1
1986	35207	0.2	1788	0.1	6031	0.1
1987	0	0.2	0	0.1	5060	0.1
1988	0	0.2	0	0.1	5187	0.1
1989	47321	0.2	0	0.1	573	0.1
1990	0	0.2	0	0.1	0.1	0.1
1991	38997	0.2	0	0.1	346	0.1
1992	0	0.2	1130	0.1	4002	0.1
1993	75615	0.2	1311	0.1	3334	0.1
1994	0	0.2	0	0.1	2421	0.1
1995	0	0.2	1707	0.1	4938	0.1
1996	65796	0.2	2448	0.1	7726	0.1
1997	0	0.2	2211	0.1	8939	0.1
1998	0	0.2	1407	0.1	11943	0.1
1999	15024	0.2	1059	0.1	12077	0.1
2000	5881	0.2	490	0.1	8558	0.1
2001	6620	0.2	0	0.1	5	0.1
2002	8610	0.2	0	0.1	134	0.1
2003	4204	0.2	0	0.1	76	0.1
2004	9416	0.2	0	0.1	32	0.1
2005	11615	0.2	0	0.1	37	0.1
2006	43544	0.2	0	0.1	48	0.1
2007	60066	0.2	0	0.1	71	0.1
2008	65773	0.2	0	0.1	168	0.1
2009	51501	0.2	0	0.1	2515	0.1
2010	0	0.2	0	0.1	1962	0.1
2011	87957	0.2	1498	0.1	3529	0.1
2012	76788	0.2	1590	0.1	4846	0.1
2013	53891	0.2	1004	0.1	6861	0.1
2014	20988	0.2	784	0.1	7627	0.1
2015	38153	0.2	596	0.1	5751	0.1
2016	39738	0.2	453	0.1	4478	0.1
2017	30358	0.2	783	0.1	4804	0.1
2018	39250	0.2	543	0.1	4840	0.1
2019	37588	0.2	575	0.1	4776	0.1
2020	20544	0.2	1030	0.1	5326	0.1
2021	32614	0.2	1417	0.1	6011	0.1
2022	12329	0.2	1533	0.1	7014	0.1
2023	0	0.2	1184	0.1	7619	0.1
2024    9834      0.2     0       0.1     7129    0.1     #para la proyeccion del a隳 se utiliza en desembarque  la cuota del a隳 en curso					
#Estructura	de	tallas	en	la	captura	-2016																																											
0.00000	0.00000	0.00000	0.00000	0.00000	0.00000	0.00000	0.00000	0.00000	0.00000	0.00000	0.00000	0.00000	0.00000	0.00000	0.00000	0.00000	0.00000	0.00000	0.00000	0.00000	0.00000	0.00000	0.00000	0.00000	0.00000	0.00000	0.00000	0.00000	0.00000	0.00000	0.00000	0.00000	0.00000	0.00000	0.00000	0.00000	0.00000	0.00000	0.00000	0.00000	0.00000	0.00000
0.00000	0.00000	0.00000	0.00000	0.00000	0.00000	0.00000	0.00000	0.00000	0.00000	0.00000	0.00000	0.00000	0.00000	0.00000	0.00000	0.00000	0.00000	0.00000	0.00000	0.00000	0.00000	0.00000	0.00000	0.00000	0.00000	0.00000	0.00000	0.00000	0.00000	0.00000	0.00000	0.00000	0.00000	0.00000	0.00000	0.00000	0.00000	0.00000	0.00000	0.00000	0.00000	0.00000
0.00000	0.00000	0.00000	0.00000	0.00000	0.00000	0.00000	0.00000	0.00000	0.00000	0.00000	0.00100	0.00200	0.00300	0.00300	0.00200	0.00100	0.00200	0.00200	0.00300	0.00500	0.00700	0.00900	0.01300	0.02000	0.04500	0.08600	0.11700	0.14400	0.14600	0.13100	0.10700	0.07300	0.04800	0.01900	0.00800	0.00300	0.00000	0.00000	0.00000	0.00000	0.00000	0.00000
0.00000	0.00000	0.00000	0.00000	0.00000	0.00000	0.00000	0.00000	0.00000	0.00000	0.00000	0.00000	0.00000	0.00100	0.00000	0.00000	0.00000	0.00100	0.00100	0.00100	0.00100	0.00100	0.00200	0.00700	0.01500	0.02300	0.04800	0.09000	0.13000	0.14700	0.14400	0.13100	0.10700	0.07900	0.04600	0.01800	0.00600	0.00200	0.00100	0.00000	0.00000	0.00000	0.00000
0.00000	0.00000	0.00000	0.00000	0.00000	0.00000	0.00000	0.00000	0.00000	0.00000	0.00000	0.00000	0.00100	0.00100	0.00200	0.00200	0.00100	0.00200	0.00200	0.00200	0.00300	0.00500	0.00800	0.01500	0.02700	0.05100	0.07300	0.08600	0.11600	0.12500	0.12300	0.10700	0.09400	0.07400	0.04500	0.02400	0.00800	0.00200	0.00100	0.00000	0.00000	0.00000	0.00000
0.00000	0.00000	0.00000	0.00000	0.00000	0.00000	0.00000	0.00000	0.00000	0.00000	0.00000	0.00100	0.00000	0.00100	0.00100	0.00000	0.00100	0.00100	0.00300	0.00500	0.01300	0.03200	0.05700	0.09100	0.09500	0.10200	0.10200	0.09600	0.09200	0.06700	0.06300	0.05600	0.04000	0.03500	0.02400	0.01300	0.00600	0.00200	0.00100	0.00000	0.00000	0.00000	0.00000
0.00000	0.00000	0.00000	0.00000	0.00000	0.00000	0.00000	0.00000	0.00000	0.00000	0.00000	0.00100	0.00100	0.00100	0.00100	0.00200	0.00100	0.00200	0.00300	0.00600	0.01100	0.02700	0.04700	0.09200	0.13000	0.13800	0.10800	0.09100	0.08300	0.06800	0.05700	0.04800	0.02900	0.02000	0.01500	0.01000	0.00600	0.00200	0.00100	0.00000	0.00000	0.00000	0.00000
0.00000	0.00000	0.00000	0.00100	0.00400	0.00600	0.00700	0.00800	0.00700	0.00500	0.00400	0.00500	0.00700	0.00800	0.01100	0.01000	0.01000	0.00800	0.00600	0.00800	0.01000	0.02600	0.04600	0.07300	0.09500	0.10700	0.10900	0.09700	0.09000	0.07200	0.05200	0.03700	0.02200	0.01400	0.01200	0.00800	0.00700	0.00400	0.00200	0.00100	0.00000	0.00000	0.00000
0.00000	0.00000	0.00000	0.00000	0.00000	0.00000	0.00000	0.00000	0.00100	0.00100	0.00200	0.00100	0.00200	0.00200	0.00200	0.00100	0.00100	0.00100	0.00300	0.00600	0.00900	0.02200	0.04300	0.08200	0.12100	0.13600	0.12000	0.10000	0.09100	0.08300	0.06700	0.05000	0.02600	0.01500	0.00700	0.00300	0.00100	0.00000	0.00000	0.00000	0.00000	0.00000	0.00000
0.00000	0.00000	0.00000	0.00000	0.00000	0.00000	0.00000	0.00100	0.00100	0.00100	0.00400	0.00800	0.01000	0.01700	0.03000	0.04300	0.05900	0.06200	0.05200	0.04600	0.03700	0.04100	0.04000	0.05000	0.05400	0.05700	0.07200	0.06400	0.06100	0.05000	0.04600	0.03700	0.02600	0.01400	0.00600	0.00400	0.00200	0.00200	0.00200	0.00100	0.00100	0.00000	0.00000
0.00000	0.00000	0.00000	0.00000	0.00000	0.00000	0.00100	0.00200	0.00300	0.00600	0.01000	0.01400	0.02200	0.03300	0.05600	0.09200	0.12400	0.12200	0.10900	0.08200	0.05800	0.05000	0.04400	0.03500	0.02600	0.02300	0.02000	0.01800	0.01700	0.01100	0.01000	0.00600	0.00300	0.00200	0.00100	0.00000	0.00000	0.00000	0.00000	0.00000	0.00000	0.00000	0.00000
0.00000	0.00000	0.00000	0.00000	0.00000	0.00200	0.00100	0.00400	0.01100	0.01200	0.02400	0.03800	0.04700	0.06900	0.08800	0.08200	0.07200	0.06400	0.04900	0.04300	0.05500	0.05400	0.05600	0.04100	0.02500	0.02200	0.01500	0.02300	0.02400	0.02700	0.02300	0.01400	0.00700	0.00600	0.00100	0.00000	0.00000	0.00000	0.00000	0.00000	0.00000	0.00000	0.00000
0.00000	0.00100	0.00300	0.01100	0.02300	0.04000	0.04700	0.03600	0.03400	0.04700	0.04700	0.03300	0.01700	0.01500	0.02000	0.03300	0.06300	0.08700	0.09000	0.07900	0.06900	0.05600	0.04200	0.03300	0.02500	0.01800	0.01000	0.00700	0.00500	0.00300	0.00300	0.00200	0.00100	0.00100	0.00000	0.00000	0.00000	0.00000	0.00000	0.00000	0.00000	0.00000	0.00000
0.00000	0.00000	0.00200	0.00300	0.00600	0.00600	0.01200	0.02300	0.04400	0.06500	0.06500	0.06100	0.04900	0.04600	0.04300	0.04600	0.05700	0.06700	0.08900	0.08200	0.06600	0.04600	0.03800	0.02900	0.01900	0.01200	0.00800	0.00500	0.00300	0.00300	0.00200	0.00200	0.00100	0.00000	0.00000	0.00000	0.00000	0.00000	0.00000	0.00000	0.00000	0.00000	0.00000
0.00000	0.00000	0.00000	0.00000	0.00100	0.00100	0.00300	0.00800	0.01500	0.01800	0.01300	0.01800	0.02600	0.04200	0.05700	0.06900	0.07200	0.08000	0.08600	0.07000	0.08300	0.07600	0.06000	0.06000	0.04500	0.03500	0.02800	0.01400	0.00900	0.00400	0.00400	0.00100	0.00100	0.00000	0.00000	0.00000	0.00000	0.00000	0.00000	0.00000	0.00000	0.00000	0.00000
0.00000	0.00000	0.00000	0.00000	0.00000	0.00100	0.00200	0.00700	0.01300	0.02000	0.02600	0.03000	0.02200	0.02000	0.02600	0.03900	0.05300	0.06900	0.08200	0.07300	0.07200	0.08200	0.06100	0.06200	0.05000	0.05200	0.05300	0.03700	0.02700	0.01300	0.00700	0.00200	0.00100	0.00000	0.00000	0.00000	0.00000	0.00000	0.00000	0.00000	0.00000	0.00000	0.00000
0.00000	0.00000	0.00000	0.00000	0.00000	0.00000	0.00000	0.00000	0.00000	0.00000	0.00000	0.00100	0.00200	0.00800	0.01800	0.03700	0.05900	0.07300	0.09000	0.11000	0.11000	0.09800	0.08100	0.06900	0.05900	0.05200	0.04600	0.03600	0.02600	0.01500	0.00700	0.00200	0.00000	0.00000	0.00000	0.00000	0.00000	0.00000	0.00000	0.00000	0.00000	0.00000	0.00000
0.00000	0.00000	0.00000	0.00000	0.00000	0.00000	0.00000	0.00000	0.00000	0.00000	0.00000	0.00000	0.00000	0.00100	0.00200	0.00400	0.01900	0.04400	0.08300	0.09600	0.10800	0.09600	0.10400	0.08100	0.06300	0.07900	0.07200	0.05600	0.03900	0.03000	0.01300	0.00900	0.00200	0.00100	0.00000	0.00000	0.00000	0.00000	0.00000	0.00000	0.00000	0.00000	0.00000
0.00000	0.00000	0.00000	0.00000	0.00000	0.00000	0.00000	0.00000	0.00000	0.00000	0.00000	0.00200	0.00600	0.01200	0.01700	0.02100	0.02300	0.02800	0.04300	0.07700	0.09800	0.11800	0.10900	0.09400	0.07300	0.06300	0.05800	0.05300	0.04300	0.02800	0.01900	0.00900	0.00300	0.00100	0.00000	0.00000	0.00000	0.00000	0.00000	0.00000	0.00000	0.00000	0.00000
0.00000	0.00000	0.00000	0.00000	0.00000	0.00000	0.00000	0.00000	0.00000	0.00000	0.00100	0.00100	0.00200	0.00200	0.00300	0.00600	0.01100	0.01900	0.02300	0.03200	0.04600	0.07900	0.09800	0.11100	0.09900	0.09300	0.08100	0.07600	0.07700	0.05500	0.04300	0.02700	0.00900	0.00500	0.00100	0.00000	0.00000	0.00000	0.00000	0.00000	0.00000	0.00000	0.00000
0.00000	0.00000	0.00100	0.00000	0.00100	0.00100	0.00100	0.00100	0.00000	0.00000	0.00000	0.00000	0.00200	0.00700	0.01200	0.01800	0.02300	0.03400	0.05100	0.06400	0.06300	0.06200	0.05900	0.06300	0.07000	0.07300	0.07500	0.07400	0.06900	0.06100	0.04900	0.03300	0.02000	0.00900	0.00300	0.00100	0.00100	0.00000	0.00000	0.00000	0.00000	0.00000	0.00000
0.00000	0.00000	0.00000	0.00100	0.00200	0.00400	0.00900	0.01800	0.02300	0.01600	0.01000	0.00700	0.00700	0.02000	0.04900	0.08200	0.10300	0.10600	0.12500	0.11100	0.07600	0.05400	0.03300	0.02200	0.01500	0.01400	0.01400	0.01200	0.01100	0.01200	0.01200	0.01300	0.00900	0.00600	0.00500	0.00200	0.00100	0.00000	0.00000	0.00000	0.00000	0.00000	0.00000
0.00000	0.00000	0.00000	0.00000	0.00000	0.00000	0.00000	0.00000	0.00000	0.00000	0.00000	0.00000	0.00000	0.00000	0.00000	0.00000	0.00000	0.00000	0.00000	0.00000	0.00000	0.00000	0.00000	0.00000	0.00000	0.00000	0.00000	0.00000	0.00000	0.00000	0.00000	0.00000	0.00000	0.00000	0.00000	0.00000	0.00000	0.00000	0.00000	0.00000	0.00000	0.00000	0.00000
0.00000	0.00000	0.00000	0.00000	0.00000	0.00000	0.00000	0.00000	0.00000	0.00000	0.00000	0.00000	0.00000	0.00000	0.00000	0.00000	0.00000	0.00000	0.00000	0.00000	0.00000	0.00000	0.00000	0.00000	0.00000	0.00000	0.00000	0.00000	0.00000	0.00000	0.00000	0.00000	0.00000	0.00000	0.00000	0.00000	0.00000	0.00000	0.00000	0.00000	0.00000	0.00000	0.00000
0.00000	0.00000	0.00000	0.00000	0.00000	0.00000	0.00000	0.00000	0.00000	0.00000	0.00000	0.00000	0.00000	0.00000	0.00000	0.00000	0.00100	0.00300	0.00500	0.01300	0.03700	0.05000	0.08900	0.12900	0.15200	0.13600	0.10800	0.09200	0.06900	0.04700	0.03300	0.02000	0.01000	0.00400	0.00300	0.00100	0.00000	0.00000	0.00000	0.00000	0.00000	0.00000	0.00000
0.00000	0.00000	0.00000	0.00000	0.00000	0.00000	0.00000	0.00000	0.00000	0.00000	0.00000	0.00000	0.00000	0.00000	0.00100	0.00100	0.00200	0.00400	0.00900	0.01800	0.02500	0.03500	0.04700	0.07600	0.12700	0.14300	0.13600	0.12200	0.08900	0.06300	0.04700	0.02900	0.01800	0.00700	0.00200	0.00000	0.00000	0.00000	0.00000	0.00000	0.00000	0.00000	0.00000
0.00000	0.00000	0.00000	0.00000	0.00000	0.00000	0.00000	0.00000	0.00000	0.00000	0.00000	0.00000	0.00000	0.00000	0.00100	0.00100	0.00200	0.00400	0.00800	0.02300	0.06200	0.10700	0.12700	0.12200	0.11700	0.10400	0.08800	0.07100	0.04700	0.04100	0.03200	0.02200	0.01300	0.00600	0.00200	0.00100	0.00000	0.00000	0.00000	0.00000	0.00000	0.00000	0.00000
0.00000	0.00000	0.00000	0.00000	0.00000	0.00000	0.00000	0.00000	0.00000	0.00000	0.00000	0.00000	0.00000	0.00000	0.00000	0.00000	0.00000	0.00000	0.00100	0.00100	0.00300	0.01500	0.06900	0.13900	0.15600	0.13200	0.11400	0.10400	0.07900	0.04900	0.04300	0.04500	0.02700	0.01300	0.00600	0.00200	0.00100	0.00000	0.00000	0.00000	0.00000	0.00000	0.00000
0.00000	0.00000	0.00000	0.00000	0.00000	0.00000	0.00000	0.00000	0.00000	0.00000	0.00000	0.00000	0.00000	0.00000	0.00000	0.00000	0.00000	0.00000	0.00000	0.00200	0.00500	0.01100	0.02100	0.04900	0.12100	0.17800	0.13300	0.09100	0.08800	0.08900	0.07300	0.05100	0.03700	0.02400	0.01400	0.00700	0.00500	0.00200	0.00100	0.00000	0.00000	0.00000	0.00000
0.00000	0.00000	0.00000	0.00000	0.00000	0.00000	0.00000	0.00000	0.00300	0.00600	0.00300	0.00000	0.00300	0.00300	0.00300	0.00000	0.00000	0.00000	0.00000	0.00000	0.00100	0.00400	0.01300	0.02900	0.04300	0.06100	0.09100	0.11300	0.11100	0.11100	0.11100	0.10300	0.08000	0.04700	0.02900	0.01600	0.00900	0.00400	0.00200	0.00100	0.00000	0.00000	0.00000
0.00000	0.00000	0.00000	0.00000	0.00000	0.00000	0.00000	0.00000	0.00000	0.00000	0.00000	0.00000	0.00000	0.00000	0.00000	0.00000	0.00000	0.00000	0.00000	0.00000	0.00000	0.00200	0.01100	0.02400	0.04500	0.08400	0.13100	0.14600	0.14100	0.13200	0.11200	0.08100	0.05200	0.02700	0.00900	0.00300	0.00100	0.00000	0.00000	0.00000	0.00100	0.00000	0.00000
0.00000	0.00000	0.00000	0.00000	0.00000	0.00000	0.00000	0.00000	0.00000	0.00000	0.00000	0.00000	0.00000	0.00000	0.00100	0.00200	0.00400	0.00800	0.01300	0.01900	0.03100	0.04700	0.05900	0.07200	0.09400	0.10500	0.11800	0.11300	0.09800	0.08100	0.06100	0.03600	0.01900	0.01300	0.00500	0.00200	0.00000	0.00000	0.00000	0.00000	0.00000	0.00000	0.00000
0.00000	0.00000	0.00000	0.00000	0.00000	0.00000	0.00000	0.00000	0.00000	0.00000	0.00100	0.00100	0.00100	0.00100	0.00100	0.00300	0.00900	0.02100	0.04100	0.06400	0.08600	0.11000	0.11300	0.10400	0.09400	0.08400	0.07300	0.06300	0.04700	0.03500	0.02300	0.01600	0.00800	0.00300	0.00100	0.00000	0.00000	0.00000	0.00000	0.00000	0.00000	0.00000	0.00000
0.00000	0.00000	0.00000	0.00000	0.00000	0.00000	0.00000	0.00000	0.00000	0.00000	0.00000	0.00000	0.00000	0.00000	0.00000	0.00000	0.00000	0.00000	0.00000	0.00000	0.00000	0.00000	0.00000	0.00000	0.00000	0.00000	0.00000	0.00000	0.00000	0.00000	0.00000	0.00000	0.00000	0.00000	0.00000	0.00000	0.00000	0.00000	0.00000	0.00000	0.00000	0.00000	0.00000
0.00000	0.00000	0.00000	0.00000	0.00000	0.00000	0.00000	0.00000	0.00000	0.00000	0.00000	0.00000	0.00000	0.00000	0.00000	0.00000	0.00000	0.00000	0.00000	0.00000	0.00000	0.00000	0.00000	0.00000	0.00000	0.00000	0.00000	0.00000	0.00000	0.00000	0.00000	0.00000	0.00000	0.00000	0.00000	0.00000	0.00000	0.00000	0.00000	0.00000	0.00000	0.00000	0.00000
0.00000	0.00000	0.00000	0.00000	0.00000	0.00000	0.00000	0.00000	0.00000	0.00000	0.00000	0.00000	0.00000	0.00000	0.00000	0.00000	0.00000	0.00000	0.00000	0.00000	0.00000	0.00000	0.00000	0.00000	0.00000	0.00000	0.00000	0.00000	0.00000	0.00000	0.00000	0.00000	0.00000	0.00000	0.00000	0.00000	0.00000	0.00000	0.00000	0.00000	0.00000	0.00000	0.00000
0.00000	0.00000	0.00000	0.00000	0.00000	0.00000	0.00000	0.00000	0.00000	0.00000	0.00000	0.00000	0.00000	0.00000	0.00000	0.00000	0.00000	0.00000	0.00000	0.00000	0.00000	0.00000	0.00000	0.00000	0.00000	0.00000	0.00000	0.00000	0.00000	0.00000	0.00000	0.00000	0.00000	0.00000	0.00000	0.00000	0.00000	0.00000	0.00000	0.00000	0.00000	0.00000	0.00000
0.00000	0.00000	0.00000	0.00000	0.00000	0.00000	0.00000	0.00000	0.00000	0.00000	0.00000	0.00000	0.00000	0.00000	0.00000	0.00000	0.00000	0.00000	0.00000	0.00000	0.00000	0.00000	0.00000	0.00000	0.00000	0.00000	0.00000	0.00000	0.00000	0.00000	0.00000	0.00000	0.00000	0.00000	0.00000	0.00000	0.00000	0.00000	0.00000	0.00000	0.00000	0.00000	0.00000
0.00000	0.00000	0.00000	0.00000	0.00000	0.00000	0.00000	0.00000	0.00000	0.00000	0.00000	0.00000	0.00000	0.00000	0.00000	0.00000	0.00000	0.00000	0.00000	0.00000	0.00000	0.00000	0.00000	0.00000	0.00000	0.00000	0.00000	0.00000	0.00000	0.00000	0.00000	0.00000	0.00000	0.00000	0.00000	0.00000	0.00000	0.00000	0.00000	0.00000	0.00000	0.00000	0.00000
0.00000	0.00000	0.00000	0.00000	0.00000	0.00000	0.00000	0.00000	0.00000	0.00000	0.00000	0.00000	0.00000	0.00000	0.00000	0.00000	0.00000	0.00000	0.00000	0.00000	0.00000	0.00000	0.00000	0.00000	0.00000	0.00000	0.00000	0.00000	0.00000	0.00000	0.00000	0.00000	0.00000	0.00000	0.00000	0.00000	0.00000	0.00000	0.00000	0.00000	0.00000	0.00000	0.00000
0.00000	0.00000	0.00000	0.00000	0.00000	0.00000	0.00000	0.00000	0.00000	0.00000	0.00000	0.00000	0.00000	0.00000	0.00000	0.00000	0.00000	0.00000	0.00000	0.00000	0.00000	0.00000	0.00000	0.00000	0.00000	0.00000	0.00000	0.00000	0.00000	0.00000	0.00000	0.00000	0.00000	0.00000	0.00000	0.00000	0.00000	0.00000	0.00000	0.00000	0.00000	0.00000	0.00000
0.00000	0.00000	0.00000	0.00000	0.00000	0.00000	0.00000	0.00000	0.00000	0.00000	0.00000	0.00000	0.00000	0.00000	0.00000	0.00000	0.00000	0.00000	0.00000	0.00000	0.00100	0.00200	0.01300	0.02800	0.06500	0.10300	0.15800	0.14900	0.13300	0.09500	0.09400	0.06000	0.05600	0.02400	0.01300	0.00500	0.00200	0.00000	0.00000	0.00000	0.00000	0.00000	0.00000
0.00000	0.00000	0.00000	0.00000	0.00000	0.00000	0.00000	0.00000	0.00000	0.00000	0.00000	0.00000	0.00000	0.00000	0.00000	0.00000	0.00000	0.00000	0.00000	0.00100	0.00200	0.00300	0.00900	0.02100	0.05700	0.11200	0.15800	0.17200	0.13900	0.10600	0.07700	0.05700	0.04300	0.02200	0.01200	0.00500	0.00200	0.00100	0.00000	0.00000	0.00000	0.00000	0.00000
0.00000	0.00000	0.00000	0.00000	0.00000	0.00000	0.00000	0.00000	0.00000	0.00000	0.00000	0.00000	0.00000	0.00000	0.00000	0.00000	0.00000	0.00000	0.00100	0.00100	0.00100	0.00200	0.00300	0.00700	0.02400	0.05100	0.10700	0.17400	0.20500	0.16100	0.12200	0.07100	0.03800	0.01900	0.00900	0.00400	0.00200	0.00000	0.00000	0.00000	0.00000	0.00000	0.00000
0.00000	0.00000	0.00000	0.00000	0.00000	0.00000	0.00000	0.00000	0.00000	0.00000	0.00000	0.00000	0.00000	0.00000	0.00000	0.00000	0.00000	0.00000	0.00000	0.00000	0.00000	0.00100	0.00200	0.00600	0.01500	0.03400	0.07000	0.12300	0.15700	0.15600	0.14300	0.11500	0.08100	0.05000	0.02400	0.00800	0.00400	0.00100	0.00100	0.00000	0.00200	0.00100	0.00200
0.00000	0.00000	0.00000	0.00000	0.00000	0.00000	0.00000	0.00000	0.00000	0.00000	0.00000	0.00000	0.00000	0.00000	0.00000	0.00000	0.00000	0.00000	0.00000	0.00200	0.00400	0.00700	0.00800	0.01600	0.03100	0.04900	0.08400	0.14200	0.18200	0.17000	0.12000	0.08400	0.05200	0.02900	0.01300	0.00500	0.00200	0.00000	0.00000	0.00000	0.00000	0.00000	0.00000
0.00000	0.00000	0.00000	0.00000	0.00000	0.00000	0.00000	0.00000	0.00000	0.00000	0.00000	0.00000	0.00000	0.00000	0.00000	0.00100	0.00100	0.00100	0.00200	0.00300	0.00400	0.00800	0.01200	0.01700	0.02900	0.04600	0.06300	0.10500	0.14200	0.16300	0.14500	0.10600	0.06200	0.03800	0.02300	0.00900	0.00400	0.00200	0.00200	0.00300	0.00500	0.00400	0.00300
0.00000	0.00000	0.00000	0.00000	0.00000	0.00000	0.00000	0.00000	0.00000	0.00000	0.00000	0.00000	0.00000	0.00000	0.00000	0.00000	0.00100	0.00100	0.00100	0.00200	0.00300	0.00800	0.01300	0.02400	0.03800	0.06000	0.08000	0.11000	0.11300	0.12600	0.12000	0.11600	0.08100	0.04900	0.02600	0.01500	0.00800	0.00400	0.00200	0.00100	0.00000	0.00000	0.00000
0.00000	0.00000	0.00000	0.00000	0.00000	0.00000	0.00000	0.00000	0.00000	0.00000	0.00000	0.00000	0.00000	0.00100	0.00100	0.00100	0.00200	0.00200	0.00300	0.00100	0.00100	0.00300	0.00700	0.01300	0.01900	0.03600	0.05200	0.07800	0.10400	0.11000	0.11900	0.13200	0.12100	0.09700	0.05900	0.02300	0.01100	0.00200	0.00200	0.00100	0.00000	0.00000	0.00000
0.00000	0.00000	0.00000	0.00000	0.00000	0.00000	0.00000	0.00000	0.00000	0.00000	0.00000	0.00000	0.00000	0.00000	0.00000	0.00000	0.00000	0.00100	0.00200	0.00300	0.00600	0.01100	0.01800	0.02800	0.04100	0.05000	0.06400	0.06900	0.08000	0.08300	0.08700	0.10000	0.09900	0.10100	0.07500	0.05000	0.02000	0.00700	0.00300	0.00000	0.00000	0.00000	0.00000
0.00000	0.00000	0.00000	0.00000	0.00000	0.00000	0.00000	0.00000	0.00000	0.00000	0.00000	0.00000	0.00000	0.00000	0.00000	0.00000	0.00000	0.00000	0.00000	0.00200	0.00700	0.01900	0.03900	0.07100	0.09800	0.11900	0.12000	0.10100	0.08100	0.07000	0.06100	0.05300	0.04700	0.03600	0.03100	0.02200	0.01300	0.00600	0.00200	0.00100	0.00000	0.00000	0.00000
0.00000	0.00000	0.00000	0.00000	0.00000	0.00000	0.00000	0.00000	0.00000	0.00000	0.00000	0.00000	0.00000	0.00000	0.00000	0.00000	0.00000	0.00000	0.00100	0.00100	0.00300	0.01300	0.03800	0.07000	0.09600	0.11800	0.13700	0.13000	0.10000	0.06700	0.04200	0.03400	0.02900	0.03100	0.03100	0.02500	0.01800	0.00900	0.00300	0.00100	0.00000	0.00000	0.00000
0.00000	0.00000	0.00000	0.00000	0.00000	0.00000	0.00000	0.00000	0.00000	0.00000	0.00000	0.00000	0.00000	0.00000	0.00000	0.00000	0.00000	0.00000	0.00000	0.00300	0.00500	0.01900	0.03400	0.06800	0.09400	0.12100	0.13700	0.14300	0.11500	0.09100	0.05500	0.03500	0.02400	0.01800	0.01100	0.01000	0.00600	0.00300	0.00400	0.00100	0.00000	0.00200	0.00000
0.00000	0.00000	0.00000	0.00000	0.00000	0.00000	0.00000	0.00000	0.00000	0.00000	0.00000	0.00000	0.00000	0.00000	0.00000	0.00000	0.00000	0.00000	0.00000	0.00100	0.00300	0.00700	0.02000	0.03400	0.05800	0.06900	0.12500	0.16300	0.15700	0.12500	0.09500	0.05100	0.03100	0.01700	0.01100	0.01000	0.00700	0.00500	0.00500	0.00200	0.00200	0.00100	0.00000
0.00000	0.00000	0.00000	0.00000	0.00000	0.00000	0.00000	0.00000	0.00000	0.00000	0.00000	0.00000	0.00000	0.00000	0.00000	0.00000	0.00000	0.00000	0.00100	0.00300	0.00400	0.01200	0.02000	0.04600	0.05500	0.09000	0.11700	0.14400	0.14000	0.12500	0.09500	0.06600	0.04100	0.01800	0.01000	0.00400	0.00400	0.00200	0.00100	0.00100	0.00000	0.00000	0.00000
0.00000	0.00000	0.00000	0.00000	0.00000	0.00000	0.00000	0.00000	0.00000	0.00000	0.00000	0.00005	0.00000	0.00000	0.00000	0.00009	0.00042	0.00035	0.00095	0.00224	0.00421	0.01183	0.02309	0.04098	0.07077	0.09629	0.10229	0.10834	0.13130	0.13698	0.10906	0.07387	0.04615	0.02591	0.00992	0.00339	0.00109	0.00029	0.00011	0.00004	0.00000	0.00000	0.00000
0.00000	0.00000	0.00000	0.00000	0.00000	0.00000	0.00000	0.00000	0.00000	0.00000	0.00000	0.00000	0.00000	0.00000	0.00000	0.00000	0.00000	0.00000	0.00000	0.00000	0.00000	0.00000	0.00000	0.00000	0.00000	0.00000	0.00000	0.00000	0.00000	0.00000	0.00000	0.00000	0.00000	0.00000	0.00000	0.00000	0.00000	0.00000	0.00000	0.00000	0.00000	0.00000	0.00000


#Estructura	de	tallas	en	los	cruceros	de	evaluaci鏮	directa																																									
0.000	0.000	0.000	0.000	0.000	0.000	0.000	0.000	0.000	0.000	0.000	0.000	0.000	0.000	0.000	0.000	0.000	0.000	0.000	0.000	0.000	0.000	0.000	0.000	0.000	0.000	0.000	0.000	0.000	0.000	0.000	0.000	0.000	0.000	0.000	0.000	0.000	0.000	0.000	0.000	0.000	0.000	0.000							
0.000	0.000	0.000	0.000	0.000	0.000	0.000	0.000	0.000	0.000	0.000	0.000	0.000	0.000	0.000	0.000	0.000	0.000	0.000	0.000	0.000	0.000	0.000	0.000	0.000	0.000	0.000	0.000	0.000	0.000	0.000	0.000	0.000	0.000	0.000	0.000	0.000	0.000	0.000	0.000	0.000	0.000	0.000							
0.000	0.000	0.000	0.000	0.000	0.000	0.000	0.000	0.000	0.000	0.000	0.000	0.000	0.000	0.000	0.000	0.000	0.000	0.000	0.000	0.000	0.000	0.000	0.000	0.000	0.000	0.000	0.000	0.000	0.000	0.000	0.000	0.000	0.000	0.000	0.000	0.000	0.000	0.000	0.000	0.000	0.000	0.000							
0.000	0.000	0.000	0.000	0.000	0.000	0.000	0.000	0.000	0.000	0.000	0.000	0.000	0.000	0.000	0.000	0.000	0.000	0.000	0.000	0.000	0.000	0.000	0.000	0.000	0.000	0.000	0.000	0.000	0.000	0.000	0.000	0.000	0.000	0.000	0.000	0.000	0.000	0.000	0.000	0.000	0.000	0.000							
0.000	0.000	0.000	0.000	0.000	0.000	0.000	0.000	0.000	0.000	0.000	0.000	0.000	0.000	0.000	0.000	0.000	0.000	0.000	0.000	0.000	0.000	0.000	0.000	0.000	0.000	0.000	0.000	0.000	0.000	0.000	0.000	0.000	0.000	0.000	0.000	0.000	0.000	0.000	0.000	0.000	0.000	0.000							
0.000	0.000	0.000	0.000	0.000	0.000	0.000	0.000	0.000	0.000	0.000	0.000	0.000	0.000	0.000	0.000	0.000	0.000	0.000	0.000	0.000	0.000	0.000	0.000	0.000	0.000	0.000	0.000	0.000	0.000	0.000	0.000	0.000	0.000	0.000	0.000	0.000	0.000	0.000	0.000	0.000	0.000	0.000							
0.000	0.000	0.000	0.000	0.000	0.000	0.000	0.000	0.000	0.000	0.000	0.000	0.000	0.000	0.000	0.000	0.000	0.000	0.000	0.000	0.000	0.000	0.000	0.000	0.000	0.000	0.000	0.000	0.000	0.000	0.000	0.000	0.000	0.000	0.000	0.000	0.000	0.000	0.000	0.000	0.000	0.000	0.000							
0.000	0.000	0.000	0.000	0.000	0.000	0.000	0.000	0.000	0.000	0.000	0.000	0.000	0.000	0.000	0.000	0.000	0.000	0.000	0.000	0.000	0.000	0.000	0.000	0.000	0.000	0.000	0.000	0.000	0.000	0.000	0.000	0.000	0.000	0.000	0.000	0.000	0.000	0.000	0.000	0.000	0.000	0.000							
0.000	0.000	0.000	0.000	0.000	0.000	0.000	0.000	0.000	0.000	0.000	0.000	0.000	0.000	0.000	0.000	0.000	0.000	0.000	0.000	0.000	0.000	0.000	0.000	0.000	0.000	0.000	0.000	0.000	0.000	0.000	0.000	0.000	0.000	0.000	0.000	0.000	0.000	0.000	0.000	0.000	0.000	0.000							
0.000	0.000	0.000	0.000	0.000	0.000	0.000	0.000	0.000	0.000	0.000	0.000	0.000	0.000	0.000	0.000	0.000	0.000	0.000	0.000	0.000	0.000	0.000	0.000	0.000	0.000	0.000	0.000	0.000	0.000	0.000	0.000	0.000	0.000	0.000	0.000	0.000	0.000	0.000	0.000	0.000	0.000	0.000							
0.000	0.000	0.000	0.000	0.000	0.000	0.000	0.000	0.000	0.000	0.000	0.000	0.000	0.000	0.000	0.000	0.000	0.000	0.000	0.000	0.000	0.000	0.000	0.000	0.000	0.000	0.000	0.000	0.000	0.000	0.000	0.000	0.000	0.000	0.000	0.000	0.000	0.000	0.000	0.000	0.000	0.000	0.000							
0.000	0.000	0.000	0.000	0.006	0.004	0.004	0.017	0.035	0.031	0.044	0.062	0.066	0.052	0.087	0.054	0.058	0.060	0.037	0.029	0.033	0.039	0.027	0.027	0.014	0.015	0.012	0.046	0.037	0.041	0.037	0.010	0.012	0.008	0.000	0.002	0.000	0.000	0.000	0.000	0.000	0.000	0.000							
0.000	0.000	0.000	0.000	0.000	0.000	0.000	0.000	0.000	0.000	0.000	0.000	0.000	0.000	0.000	0.000	0.000	0.000	0.000	0.000	0.000	0.000	0.000	0.000	0.000	0.000	0.000	0.000	0.000	0.000	0.000	0.000	0.000	0.000	0.000	0.000	0.000	0.000	0.000	0.000	0.000	0.000	0.000							
0.000	0.001	0.002	0.003	0.006	0.008	0.015	0.029	0.053	0.070	0.063	0.057	0.048	0.045	0.043	0.051	0.058	0.078	0.090	0.078	0.058	0.040	0.037	0.024	0.015	0.010	0.006	0.004	0.002	0.002	0.001	0.001	0.001	0.000	0.000	0.000	0.000	0.000	0.000	0.000	0.000	0.000	0.000							
0.000	0.002	0.004	0.007	0.010	0.008	0.009	0.015	0.026	0.032	0.037	0.045	0.054	0.069	0.069	0.083	0.082	0.085	0.089	0.071	0.067	0.053	0.028	0.020	0.012	0.010	0.006	0.002	0.002	0.001	0.001	0.000	0.000	0.000	0.000	0.000	0.000	0.000	0.000	0.000	0.000	0.000	0.000							
0.000	0.001	0.004	0.007	0.012	0.017	0.025	0.020	0.020	0.024	0.033	0.041	0.037	0.046	0.050	0.063	0.074	0.072	0.081	0.072	0.075	0.086	0.055	0.041	0.020	0.013	0.007	0.004	0.002	0.001	0.000	0.000	0.000	0.000	0.000	0.000	0.000	0.000	0.000	0.000	0.000	0.000	0.000							
0.000	0.000	0.000	0.000	0.000	0.000	0.000	0.000	0.000	0.000	0.000	0.000	0.000	0.000	0.000	0.000	0.000	0.000	0.000	0.000	0.000	0.000	0.000	0.000	0.000	0.000	0.000	0.000	0.000	0.000	0.000	0.000	0.000	0.000	0.000	0.000	0.000	0.000	0.000	0.000	0.000	0.000	0.000							
0.000	0.000	0.000	0.000	0.000	0.000	0.000	0.000	0.000	0.000	0.000	0.000	0.000	0.000	0.000	0.000	0.000	0.000	0.000	0.000	0.000	0.000	0.000	0.000	0.000	0.000	0.000	0.000	0.000	0.000	0.000	0.000	0.000	0.000	0.000	0.000	0.000	0.000	0.000	0.000	0.000	0.000	0.000							
0.000	0.000	0.000	0.000	0.000	0.000	0.000	0.000	0.000	0.000	0.000	0.000	0.000	0.000	0.000	0.000	0.000	0.000	0.000	0.000	0.000	0.000	0.000	0.000	0.000	0.000	0.000	0.000	0.000	0.000	0.000	0.000	0.000	0.000	0.000	0.000	0.000	0.000	0.000	0.000	0.000	0.000	0.000							
0.000	0.000	0.000	0.000	0.000	0.000	0.000	0.000	0.000	0.000	0.000	0.000	0.000	0.000	0.000	0.000	0.000	0.000	0.000	0.000	0.000	0.000	0.000	0.000	0.000	0.000	0.000	0.000	0.000	0.000	0.000	0.000	0.000	0.000	0.000	0.000	0.000	0.000	0.000	0.000	0.000	0.000	0.000							
0.000	0.000	0.000	0.000	0.000	0.000	0.000	0.000	0.000	0.000	0.000	0.000	0.000	0.000	0.000	0.000	0.000	0.000	0.000	0.000	0.000	0.000	0.000	0.000	0.000	0.000	0.000	0.000	0.000	0.000	0.000	0.000	0.000	0.000	0.000	0.000	0.000	0.000	0.000	0.000	0.000	0.000	0.000							
0.000	0.000	0.000	0.001	0.002	0.007	0.018	0.035	0.024	0.011	0.005	0.004	0.010	0.031	0.062	0.080	0.086	0.096	0.121	0.110	0.076	0.049	0.026	0.019	0.013	0.014	0.014	0.015	0.015	0.016	0.015	0.014	0.007	0.005	0.002	0.001	0.000	0.000	0.000	0.000	0.000	0.000	0.000							
0.000	0.000	0.000	0.000	0.000	0.000	0.000	0.000	0.000	0.000	0.000	0.000	0.000	0.000	0.000	0.000	0.000	0.000	0.000	0.000	0.000	0.000	0.000	0.000	0.000	0.000	0.000	0.000	0.000	0.000	0.000	0.000	0.000	0.000	0.000	0.000	0.000	0.000	0.000	0.000	0.000	0.000	0.000							
0.000	0.000	0.000	0.000	0.000	0.000	0.000	0.000	0.001	0.003	0.011	0.022	0.042	0.060	0.064	0.065	0.047	0.041	0.031	0.028	0.033	0.037	0.049	0.068	0.063	0.066	0.056	0.057	0.044	0.033	0.031	0.018	0.013	0.007	0.007	0.003	0.002	0.000	0.000	0.000	0.000	0.000	0.000							
0.000	0.000	0.000	0.000	0.000	0.000	0.000	0.000	0.000	0.000	0.000	0.000	0.000	0.000	0.000	0.000	0.000	0.000	0.000	0.000	0.000	0.000	0.000	0.000	0.000	0.000	0.000	0.000	0.000	0.000	0.000	0.000	0.000	0.000	0.000	0.000	0.000	0.000	0.000	0.000	0.000	0.000	0.000							
0.000	0.000	0.000	0.000	0.000	0.001	0.002	0.004	0.006	0.009	0.010	0.012	0.016	0.018	0.023	0.027	0.033	0.043	0.060	0.078	0.087	0.075	0.065	0.046	0.048	0.047	0.045	0.054	0.049	0.049	0.040	0.025	0.018	0.008	0.004	0.002	0.000	0.000	0.000	0.000	0.000	0.000	0.000							
0.000	0.000	0.000	0.000	0.000	0.000	0.000	0.000	0.000	0.000	0.000	0.000	0.000	0.000	0.000	0.000	0.000	0.000	0.000	0.000	0.000	0.000	0.000	0.000	0.000	0.000	0.000	0.000	0.000	0.000	0.000	0.000	0.000	0.000	0.000	0.000	0.000	0.000	0.000	0.000	0.000	0.000	0.000							
0.000	0.000	0.000	0.000	0.000	0.000	0.000	0.000	0.000	0.000	0.000	0.000	0.000	0.000	0.000	0.000	0.000	0.000	0.000	0.000	0.000	0.000	0.000	0.000	0.000	0.000	0.000	0.000	0.000	0.000	0.000	0.000	0.000	0.000	0.000	0.000	0.000	0.000	0.000	0.000	0.000	0.000	0.000							
0.000	0.000	0.000	0.001	0.001	0.001	0.001	0.002	0.002	0.002	0.004	0.009	0.015	0.018	0.021	0.024	0.029	0.033	0.029	0.023	0.037	0.044	0.062	0.061	0.049	0.056	0.060	0.056	0.062	0.068	0.073	0.063	0.040	0.024	0.014	0.008	0.006	0.002	0.001	0.000	0.000	0.000	0.000							
0.000	0.000	0.000	0.000	0.000	0.000	0.000	0.000	0.000	0.000	0.000	0.000	0.000	0.000	0.000	0.000	0.000	0.000	0.000	0.000	0.000	0.000	0.000	0.000	0.000	0.000	0.000	0.000	0.000	0.000	0.000	0.000	0.000	0.000	0.000	0.000	0.000	0.000	0.000	0.000	0.000	0.000	0.000							
0.000	0.000	0.000	0.000	0.000	0.000	0.000	0.000	0.000	0.000	0.000	0.000	0.000	0.000	0.000	0.000	0.000	0.000	0.000	0.000	0.000	0.000	0.000	0.000	0.000	0.000	0.000	0.000	0.000	0.000	0.000	0.000	0.000	0.000	0.000	0.000	0.000	0.000	0.000	0.000	0.000	0.000	0.000							
0.000	0.000	0.001	0.001	0.000	0.000	0.000	0.000	0.000	0.000	0.000	0.001	0.002	0.005	0.012	0.019	0.038	0.052	0.078	0.087	0.073	0.050	0.043	0.044	0.057	0.083	0.082	0.069	0.063	0.052	0.043	0.027	0.013	0.003	0.002	0.001	0.000	0.000	0.000	0.000	0.000	0.000	0.000							
0.000	0.000	0.000	0.000	0.000	0.000	0.000	0.000	0.000	0.000	0.000	0.000	0.000	0.000	0.003	0.000	0.004	0.001	0.003	0.007	0.012	0.022	0.048	0.093	0.099	0.137	0.115	0.134	0.086	0.073	0.063	0.038	0.036	0.013	0.008	0.002	0.000	0.000	0.000	0.000	0.000	0.000	0.000							
0.000	0.000	0.000	0.000	0.000	0.000	0.000	0.004	0.012	0.036	0.052	0.066	0.089	0.078	0.072	0.057	0.043	0.028	0.016	0.013	0.008	0.006	0.016	0.023	0.040	0.042	0.035	0.048	0.055	0.045	0.038	0.028	0.031	0.008	0.006	0.004	0.001	0.000	0.000	0.000	0.000	0.000	0.000							
0.000	0.000	0.000	0.001	0.001	0.001	0.001	0.002	0.006	0.012	0.020	0.032	0.048	0.076	0.120	0.136	0.133	0.107	0.076	0.053	0.041	0.017	0.017	0.014	0.015	0.011	0.013	0.009	0.010	0.005	0.007	0.006	0.005	0.003	0.002	0.001	0.001	0.000	0.000	0.000	0.000	0.000	0.000							
0.000	0.000	0.000	0.000	0.000	0.000	0.002	0.005	0.012	0.028	0.059	0.079	0.091	0.083	0.086	0.079	0.079	0.081	0.072	0.070	0.055	0.039	0.020	0.015	0.009	0.008	0.008	0.006	0.007	0.004	0.003	0.003	0.001	0.000	0.000	0.000	0.000	0.000	0.000	0.000	0.000	0.000	0.000							
0.000	0.000	0.001	0.004	0.009	0.015	0.024	0.029	0.031	0.044	0.056	0.047	0.046	0.043	0.044	0.050	0.058	0.068	0.076	0.072	0.066	0.057	0.052	0.037	0.026	0.018	0.012	0.008	0.003	0.002	0.001	0.001	0.001	0.000	0.000	0.000	0.000	0.000	0.000	0.000	0.000	0.000	0.000							
0.000	0.000	0.000	0.000	0.001	0.001	0.002	0.008	0.034	0.054	0.067	0.054	0.053	0.053	0.075	0.040	0.045	0.047	0.081	0.041	0.064	0.031	0.035	0.064	0.067	0.027	0.025	0.017	0.011	0.003	0.002	0.001	0.000	0.000	0.000	0.000	0.000	0.000	0.000	0.000	0.000	0.000	0.000							
0.000	0.000	0.000	0.000	0.000	0.000	0.000	0.003	0.006	0.010	0.029	0.050	0.069	0.098	0.116	0.111	0.095	0.087	0.070	0.055	0.042	0.037	0.034	0.022	0.022	0.014	0.011	0.008	0.004	0.004	0.003	0.001	0.001	0.000	0.000	0.000	0.000	0.000	0.000	0.000	0.000	0.000	0.000							
0.000	0.000	0.000	0.000	0.000	0.000	0.000	0.000	0.000	0.000	0.002	0.006	0.012	0.020	0.033	0.041	0.065	0.066	0.065	0.068	0.061	0.058	0.061	0.058	0.067	0.060	0.061	0.053	0.047	0.040	0.025	0.015	0.009	0.003	0.002	0.001	0.001	0.000	0.000	0.000	0.000	0.000	0.000							
0.000	0.000	0.000	0.000	0.000	0.000	0.000	0.001	0.002	0.003	0.003	0.003	0.006	0.011	0.019	0.031	0.047	0.075	0.080	0.089	0.087	0.073	0.069	0.076	0.065	0.059	0.046	0.035	0.032	0.019	0.020	0.014	0.013	0.015	0.005	0.002	0.001	0.001	0.000	0.000	0.000	0.000	0.000							
0.000	0.000	0.000	0.000	0.000	0.000	0.000	0.000	0.001	0.001	0.001	0.002	0.003	0.005	0.006	0.012	0.012	0.016	0.022	0.038	0.059	0.058	0.053	0.064	0.060	0.077	0.095	0.077	0.100	0.062	0.051	0.033	0.026	0.034	0.018	0.011	0.005	0.001	0.001	0.000	0.000	0.000	0.000							
0.000	0.000	0.000	0.000	0.000	0.000	0.000	0.000	0.000	0.000	0.000	0.000	0.000	0.000	0.000	0.000	0.000	0.000	0.000	0.000	0.000	0.000	0.000	0.000	0.000	0.000	0.000	0.000	0.000	0.000	0.000	0.000	0.000	0.000	0.000	0.000	0.000	0.000	0.000	0.000	0.000	0.000	0.000							
0.000	0.000	0.000	0.000	0.000	0.000	0.000	0.000	0.001	0.004	0.009	0.019	0.019	0.016	0.017	0.030	0.059	0.061	0.049	0.034	0.032	0.022	0.022	0.030	0.040	0.051	0.064	0.080	0.083	0.083	0.063	0.045	0.030	0.018	0.009	0.005	0.002	0.001	0.000	0.000	0.000	0.000	0.003							
0.000	0.000	0.000	0.000	0.000	0.000	0.000	0.000	0.000	0.000	0.000	0.001	0.001	0.002	0.003	0.004	0.006	0.010	0.016	0.027	0.031	0.035	0.038	0.034	0.031	0.033	0.046	0.069	0.088	0.115	0.118	0.104	0.080	0.051	0.030	0.014	0.006	0.004	0.002	0.001	0.001	0.000	0.000							
0.000	0.000	0.000	0.000	0.000	0.000	0.000	0.000	0.000	0.000	0.000	0.001	0.001	0.002	0.002	0.004	0.009	0.014	0.024	0.026	0.034	0.036	0.058	0.078	0.084	0.080	0.071	0.071	0.071	0.077	0.068	0.063	0.060	0.039	0.019	0.007	0.003	0.001	0.000	0.000	0.000	0.000	0.000							
0.000	0.000	0.000	0.000	0.000	0.000	0.000	0.000	0.001	0.002	0.003	0.004	0.007	0.007	0.006	0.004	0.004	0.005	0.008	0.016	0.021	0.023	0.026	0.030	0.036	0.040	0.056	0.072	0.080	0.103	0.121	0.102	0.084	0.055	0.038	0.022	0.012	0.006	0.003	0.001	0.001	0.001	0.000							
0.000	0.000	0.000	0.000	0.000	0.001	0.003	0.008	0.012	0.013	0.020	0.026	0.038	0.048	0.057	0.055	0.053	0.047	0.042	0.034	0.029	0.026	0.025	0.025	0.027	0.032	0.029	0.033	0.038	0.045	0.055	0.058	0.046	0.034	0.019	0.011	0.005	0.003	0.002	0.001	0.001	0.000	0.000							
0.000	0.000	0.000	0.000	0.000	0.001	0.003	0.004	0.011	0.015	0.024	0.036	0.047	0.061	0.074	0.071	0.065	0.055	0.052	0.053	0.055	0.057	0.051	0.038	0.029	0.025	0.024	0.021	0.021	0.019	0.019	0.018	0.016	0.013	0.010	0.006	0.003	0.002	0.001	0.000	0.000	0.000	0.000							
0.000	0.000	0.000	0.000	0.000	0.000	0.000	0.002	0.008	0.031	0.037	0.031	0.032	0.038	0.046	0.061	0.081	0.095	0.099	0.076	0.053	0.048	0.044	0.042	0.034	0.024	0.019	0.015	0.013	0.013	0.013	0.011	0.010	0.008	0.007	0.004	0.002	0.001	0.000	0.000	0.000	0.000	0.000							
0.000 	0.000 	0.000 	0.000 	0.000 	0.000 	0.001 	0.001 	0.002 	0.005 	0.010 	0.021 	0.055 	0.109 	0.126 	0.114 	0.115 	0.112 	0.092 	0.067 	0.050 	0.032 	0.025 	0.015 	0.012 	0.006 	0.005 	0.006 	0.005 	0.004 	0.003 	0.003 	0.002 	0.001 	0.000 	0.000 	0.000 	0.000 	0.000 	0.000 	0.000 	0.000 	0.000
0.000	0.000	0.000	0.000	0.000	0.000	0.001	0.002	0.005	0.007	0.009	0.010	0.009	0.010	0.012	0.014	0.019	0.040	0.053	0.065	0.069	0.069	0.062	0.061	0.069	0.083	0.073	0.061	0.045	0.030	0.020	0.016	0.016	0.017	0.015	0.013	0.011	0.008	0.005	0.002	0.001	0.001	0.000
0.000	0.000	0.000	0.000	0.001	0.001	0.002	0.004	0.007	0.013	0.012	0.012	0.024	0.045	0.062	0.074	0.082	0.075	0.064	0.063	0.042	0.027	0.031	0.030	0.038	0.058	0.066	0.064	0.042	0.027	0.015	0.008	0.004	0.003	0.001	0.001	0.001	0.001	0.000	0.000	0.000	0.000	0.000
0.000	0.000	0.004	0.011	0.017	0.014	0.011	0.010	0.018	0.026	0.016	0.008	0.005	0.002	0.001	0.001	0.002	0.003	0.012	0.023	0.030	0.040	0.043	0.053	0.071	0.080	0.094	0.089	0.088	0.081	0.060	0.034	0.020	0.015	0.008	0.005	0.002	0.001	0.000	0.000	0.000	0.000	0.000							
0.000	0.000	0.000	0.000	0.000	0.000	0.000	0.000	0.001	0.003	0.005	0.002	0.003	0.001	0.000	0.000	0.000	0.000	0.000	0.001	0.001	0.001	0.004	0.011	0.020	0.038	0.077	0.131	0.167	0.151	0.144	0.098	0.077	0.037	0.016	0.006	0.002	0.001	0.001	0.000	0.000	0.000	0.000
0.000	0.000	0.000	0.000	0.000	0.000	0.000	0.000	0.000	0.000	0.000	0.000	0.000	0.000	0.000	0.000	0.000	0.000	0.000	0.000	0.000	0.000	0.000	0.000	0.000	0.000	0.000	0.000	0.000	0.000	0.000	0.000	0.000	0.000	0.000	0.000	0.000	0.000	0.000	0.000	0.000	0.000	0.000
0.000	0.000	0.000	0.000	0.000	0.000	0.000	0.000	0.000	0.000	0.000	0.000	0.000	0.000	0.000	0.000	0.000	0.000	0.000	0.000	0.000	0.000	0.000	0.000	0.000	0.000	0.000	0.000	0.000	0.000	0.000	0.000	0.000	0.000	0.000	0.000	0.000	0.000	0.000	0.000	0.000	0.000	0.000						
#####################################################################################################
#	A隳s	y	fase	con	cambio	en	qCru	(si	>0)																																								
#1968	1969	1970	1971	1972	1973	1974	1975	1976	1977	1978	1979	1980	1981	1982	1983	1984	1985	1986	1987	1988	1989	1990	1991	1992	1993	1994	1995	1996	1997	1998	1999	2000	2001	2002	2003	2004	2005	2006	2007	2008	2009	2010	2011	2012	2013	2014	2015	2016	2017	2018    2019   2020  2021  2022   2023   2024   
#	base	sin	cambios																																														
#-1	-1	-1	-1	-1	-1	-1	-1	-1	-1	-1	-1	-1	-1	-1	-1	-1	-1	-1	-1	-1	-1	-1	-1	-1	-1	-1	-1	-1	-1	-1	-1	-1	-1	-1	-1	-1	-1	-1	-1	-1	-1	-1	-1	-1	-1	-1	-1	-1	-1	-1      -1
#	base	con	cambios	2004																																													
-1	-1	-1	-1	-1	-1	-1	-1	-1	-1	-1	-1	-1	-1	-1	-1	-1	-1	-1	-1	-1	-1	-1	-1	-1	-1	-1	-1	-1	-1	-1	-1	-1	-1	-1	-1	 4	-1	-1	-1	-1	-1	-1	-1	-1	-1	-1	-1	-1	-1	-1      -1      -1    -1     -1    -1    -1 
#-1	-1	-1	-1	-1	-1	-1	-1	-1	-1	-1	5	-1	-1	-1	-1	-1	-1	-1	-1	-1	-1	-1	-1	-1	5	-1	-1	-1	-1	-1	-1	-1	-1	-1	-1	-1	-1	5	-1	-1	-1	-1	-1	-1	-1	-1	5	-1	-1	-1
############################################################################################################
#	A隳s	y	fase	con	cambio	en	qCPUE	(si	>0)																																								
#1968	1969	1970	1971	1972	1973	1974	1975	1976	1977	1978	1979	1980	1981	1982	1983	1984	1985	1986	1987	1988	1989	1990	1991	1992	1993	1994	1995	1996	1997	1998	1999	2000	2001	2002	2003	2004	2005	2006	2007	2008	2009	2010	2011	2012	2013	2014	2015	2016	2017    2018    2019    2020  2021   2022  2023  2024    
-1	-1	-1	-1	-1	-1	-1	-1	-1	-1	-1	-1	-1	-1	-1	-1	-1	-1	-1	-1	-1	-1	-1	-1	-1	-1	-1	-1	-1	-1	-1	-1	-1	-1	-1	-1	-1	-1	-1	-1	-1	-1	-1	-1	-1	-1	-1	-1	-1	-1  -1  -1  -1  -1  -1  -1  -1
############################################################################################################
#	(opt_Sel2)	Fase	desvios	en	la	selectividad	de	la	flota	(variable	si	>0)																																					
#	Considerando	el	FIP	99-18																																													
#1968	1969	1970	1971	1972	1973	1974	1975	1976	1977	1978	1979	1980	1981	1982	1983	1984	1985	1986	1987	1988	1989	1990	1991	1992	1993	1994	1995	1996	1997	1998	1999	2000	2001	2002	2003	2004	2005	2006	2007	2008	2009	2010	2011	2012	2013	2014	2015	2016	2017    2018    2019   2020   2021   2022 2023   2024
#-1	-1	-1	-1	-1	4	-1	4	-1	4	-1	-1	-1	-1	-1	-1	4	-1	-1	-1	-1	-1	-1	-1	-1	-1	-1	4	-1	-1	-1	-1	-1	-1	-1	-1	-1	-1	-1	-1	-1	-1	-1	-1	-1	-1	-1	-1	-1	-1  -1
-1	-1	-1	-1	-1	-1	-1	-1	-1	-1	-1	-1	-1	-1	-1	-1	-1	-1	-1	-1	-1	-1	-1	-1	-1	-1	-1	-1	-1	-1	-1	-1	-1	-1	-1	-1	-1	-1	-1	-1	-1	-1	-1	-1	-1	-1	-1	-1	-1	-1      -1      -1     -1      -1    -1   -1   -1
#sin	cambios	en	la	selectividad																																													
#-1	-1	-1	-1	-1	-1	-1	-1	-1	-1	-1	-1	-1	-1	-1	-1	-1	-1	-1	-1	-1	-1	-1	-1	-1	-1	-1	-1	-1	-1	-1	-1	-1	-1	-1	-1	-1	-1	-1	-1	-1	-1	-1	-1	-1	-1	-1	-1	-1	-1      -1
############################################################################################################
